"Status","Acinetobacter.01","Acinetobacter.02","Actinomyces.01","Actinomyces.02","Alicyclobacillus.01","Anaerococcus.01","Anaerococcus.02","Atopobium.01","Atopobium.02","Bifidobacterium.01","Bulleidia.01","Burkholderia.01","C.Betaproteobacteria.01","C.Betaproteobacteria.02","C.Gammaproteobacteria.01","C.Gammaproteobacteria.02","C.Gammaproteobacteria.03","C.Gammaproteobacteria.04","C.Gammaproteobacteria.05","C.Gammaproteobacteria.06","C.Gammaproteobacteria.07","C.Gammaproteobacteria.08","C.Gammaproteobacteria.09","C.Gammaproteobacteria.10","C.Gammaproteobacteria.11","Campylobacter.01","Capnocytophaga.01","Carnobacterium.01","Catonella.01","Chryseobacterium.01","Corynebacterium.01","Corynebacterium.02","Dolosigranulum.01","Dyella.01","Eubacterium.01","F.Alcaligenaceae.01","F.Burkholderiaceae.01","F.Burkholderiaceae.02","F.Carnobacteriaceae.01","F.Comamonadaceae.01","F.Comamonadaceae.02","F.Enterobacteriaceae.01","F.Erysipelotrichaceae.01","F.Neisseriaceae.01","F.Pasteurellaceae.01","F.Pasteurellaceae.02","F.Prevotellaceae.01","F.Prevotellaceae.02","F.Prevotellaceae.03","F.Pseudomonadaceae.01","F.Pseudomonadaceae.02","F.Rhodocyclaceae.01","F.Xanthomonadaceae.01","Fusobacterium.01","Fusobacterium.02","Gemella.01","Gp2.01","Gp2.02","Lactobacillus.01","Marinobacter.01","Megasphaera.01","Metascardovia.01","Microbacterium.01","Mogibacterium.01","Mycoplasma.01","Neisseria.01","O.Actinomycetales.01","O.Actinomycetales.02","O.Actinomycetales.03","O.Actinomycetales.04","O.Bacteroidales.01","O.Bacteroidales.02","O.Burkholderiales.01","O.Clostridiales.01","O.Clostridiales.02","O.Clostridiales.03","O.Clostridiales.04","O.Clostridiales.05","P.Firmicutes.01","Paracoccus.01","Parvimonas.01","Parvimonas.02","Parvimonas.03","Peptoniphilus.01","Peptoniphilus.02","Peptoniphilus.03","Peptostreptococcus.01","Porphyromonas.01","Porphyromonas.02","Porphyromonas.03","Prevotella.01","Prevotella.02","Prevotella.03","Prevotella.04","Prevotella.05","Prevotella.06","Prevotella.07","Prevotella.08","Prevotella.09","Prevotella.10","Propionibacterium.01","Propionibacterium.02","Pseudomonas.01","Pseudomonas.02","Ralstonia.01","Rhizobium.01","Selenomonas.01","Selenomonas.02","Selenomonas.03","Solobacterium.01","Staphylococcus.01","Streptococcus.01","Sulfuricurvum.01","Tannerella.01","TM7_genus_incertae_sedis.01","TM7_genus_incertae_sedis.02","TM7_genus_incertae_sedis.03","TM7_genus_incertae_sedis.04","TM7_genus_incertae_sedis.05","TM7_genus_incertae_sedis.06","TM7_genus_incertae_sedis.07","TM7_genus_incertae_sedis.08","Treponema.01","Tropheryma.01","Veillonella.01","Veillonella.02"
"Acinetobacter.01",1,0.595781,0.0946073,0.46701,0.183698,-0.198058,0.0754537,-0.271689,-0.50304,0.254828,-0.374774,0.109854,-0.247651,0.184363,0.661197,0.998924,0.486674,0.19759,0.643778,0.379049,0.455407,0.662681,0.509968,0.283047,0.43377,0.124253,0.269049,0.171426,-0.0875175,0.99796,-0.594254,-0.320443,0.100802,0.268243,-0.0402093,-0.0228961,0.379326,0.528335,-0.320031,-0.0757476,0.295075,0.689831,-0.498245,-0.228666,-0.290881,-0.36836,0.502971,-0.446498,0.582603,0.241965,0.256788,-0.183312,0.509251,-0.286505,-0.189424,-0.368471,0.47468,0.739498,0.763611,0.604062,0.483804,0.283047,0.542048,-0.0372395,-0.10899,-0.489367,-0.367805,-0.23097,0.473308,-0.498245,-0.304425,0.533284,0.278812,-0.310427,0.308077,0.761785,0.161095,0.121036,0.378886,0.208117,-0.370435,-0.479746,0.261808,0.112088,0.254828,0.254828,0.509143,0.169176,-0.200588,0.162829,0.270405,-0.26768,0.423218,0.495501,-0.549225,-0.3951,-0.034291,0.305263,-0.320443,-0.0255102,0.053161,0.152485,-0.249633,0.463906,-0.0785125,0.0288496,0.737774,0.450399,-0.0694798,0.415515,-0.178458,-0.503485,-0.0274848,0.0909296,0.052049,0.131383,-0.241181,-0.292517,0.60278,0.356985,0.355685,0.300255,-0.193812,-0.320443,0.451152,-0.0521992
"Acinetobacter.02",0.595781,1,0.147189,0.317452,-0.0577596,0.324366,0.532011,-0.324733,-0.150551,0.419163,-0.384709,0.185127,-0.383453,0.110862,0.55214,0.600668,0.614866,0.0791571,0.55893,0.583893,0.222018,0.544197,0.301942,0.380082,0.0441107,0.442993,0.343419,-0.078085,0.119263,0.641893,-0.269306,0.318329,0.0970886,0.789153,0.166896,-0.333624,0.583473,0.306587,-0.410759,-0.529218,0.318325,0.0792577,-0.316107,0.0430953,-0.166123,-0.52625,0.275339,-0.0563616,0.565382,-0.122665,-0.0513459,0.078581,0.265127,-0.304493,0.0725983,0.193959,0.601995,0.447209,0.779606,0.530853,0.635471,0.380082,0.16773,0.150214,-0.556071,-0.505479,0.0847718,0.295804,0.623898,-0.316107,0.275173,0.325456,-0.0444239,-0.462838,-0.113466,0.779262,-0.0576736,0.0811021,0.584086,-0.393157,-0.603467,-0.0740012,-0.316107,-0.126863,0.419163,0.419163,0.347745,-0.0469409,-0.101723,-0.0779797,0.382451,-0.3523,0.286963,-0.0839629,-0.342072,-0.0873992,0.115878,0.590441,0.318329,-0.178354,-0.501055,0.464186,-0.645185,0.246495,0.014816,-0.331585,0.44149,0.284875,0.171038,0.301571,-0.470453,-0.398154,0.321526,0.0655673,-0.0554748,-0.415317,-0.339927,-0.417327,0.550827,0.614394,0.61413,-0.106082,-0.115589,0.318329,0.295005,0.109971
"Actinomyces.01",0.0946073,0.147189,1,0.414417,-0.541362,-0.437035,0.315278,0.626632,-0.447806,-0.0210553,0.446054,-0.491729,0.548179,-0.529541,-0.253211,0.0834215,-0.186208,-0.424022,-0.217535,-0.273981,0.34193,-0.277078,-0.0637215,-0.581956,-0.470404,0.276517,0.280085,-0.793022,0.634419,0.0842766,0.28696,0.174259,0.121557,0.431548,0.560759,-0.304069,-0.27989,-0.288489,0.562819,-0.582052,-0.160128,-0.374888,-0.273867,-0.0277444,0.793405,-0.43074,-0.390892,0.475971,0.538136,-0.842103,-0.769156,0.296993,0.198439,0.780633,-0.297849,0.0647021,-0.101586,-0.187849,0.114621,0.456721,0.462382,-0.581956,-0.510604,0.598604,0.0126655,0.210478,-0.270814,-0.3067,-0.166847,-0.36966,-0.0181643,-0.376223,-0.204259,0.526323,0.148874,0.162069,0.729328,0.12948,-0.270867,-0.512367,0.206264,0.459184,0.0459075,0.0387693,-0.0210553,-0.0210553,0.416337,0.123003,0.488807,0.0902259,0.78304,0.57551,0.517784,0.432386,0.35349,-0.148542,-0.611668,0.631716,0.174259,0.677922,-0.730219,0.180222,-0.649417,0.263613,-0.683369,-0.684775,0.549142,0.391488,0.677075,0.469578,-0.7774,0.551173,-0.0385278,0.81153,0.187647,-0.649027,0.566627,0.510355,0.453877,0.164011,0.177458,0.145305,0.484676,0.174259,0.495329,0.197091
"Actinomyces.02",0.46701,0.317452,0.414417,1,-0.191062,-0.294734,0.3624,-0.0256496,-0.477982,0.164098,0.358486,-0.396655,-0.0516715,0.305902,0.270526,0.463885,-0.270098,0.257914,0.261024,0.112757,0.987208,0.268467,0.241717,0.0708347,0.137128,-0.20476,0.436395,-0.303077,0.535995,0.466948,-0.253703,0,-0.390362,0.405699,-0.212961,-0.263476,0.112637,0.172311,-0.101028,0.0101736,0.422968,0.279592,0.148773,0.173464,0.0225419,-0.773816,-0.0876788,-0.138734,0.334656,0.021333,-0.211562,0.227254,-0.15863,0.258982,-0.636168,-0.0955432,0.503818,-0.243894,0.373918,0.339507,0.502284,0.0708347,-0.313116,0.550787,-0.308683,-0.389001,-0.385414,-0.341383,-0.285702,-0.994666,-0.137827,0.222137,0.604412,-0.07864,0.445039,0.378779,0.69718,-0.363966,0.112815,0.272614,-0.101446,-0.17324,0.0989238,-0.205011,0.164098,0.164098,0.993675,-0.207104,0.464178,0.693522,0.642439,-0.0743223,0.986523,0.699563,-0.221915,-0.174595,-0.331434,0.20174,0,0.278886,-0.14717,-0.197884,-0.225349,0.984214,-0.247076,-0.326089,0.644044,0.994475,0.543299,0.985415,-0.159022,-0.22711,0.26286,0.316585,0.472448,-0.176271,-0.0726775,-0.0862618,0.342045,0.186594,0.182773,0.445933,0.462024,0,0.99039,-0.304129
"Alicyclobacillus.01",0.183698,-0.0577596,-0.541362,-0.191062,1,0.625361,-0.0619758,-0.176567,0.437946,0.234266,-0.0935748,-0.0322245,-0.237825,0.49924,-0.0186809,0.173334,0.2202,-0.0348383,-0.0224975,-0.33052,-0.189319,-0.00282898,0.335159,0.188107,0.271481,-0.317595,0.088614,0.423038,-0.418076,0.175925,0.0419022,0,0.479031,-0.483133,-0.374267,0.272022,-0.324182,-0.161626,-0.231652,0.619745,0.588914,0.474559,0.205353,-0.324253,-0.353059,0.425217,0.714399,-0.265018,-0.0754699,0.565093,0.417915,-0.320647,-0.136391,-0.544004,0.341485,-0.211958,0.215794,0.388118,0.0805048,-0.0523753,-0.395367,0.188107,0.226863,-0.355832,0.0871145,-0.536417,-0.558639,0.0865315,0.20181,0.217662,-0.149261,0.388556,-0.224619,-0.149839,0.579108,0.0715498,-0.32433,0.476775,-0.333831,0.456873,0.38089,-0.277748,0.160494,0.413454,0.234266,0.234266,-0.25217,0.311636,0.028204,0.328432,-0.229605,-0.0872898,-0.311626,-0.3116,-0.341201,0.376201,0.217323,-0.381958,0,-0.231945,0.527031,-0.285927,0.252577,-0.112383,-0.0716291,0.22666,-0.301321,-0.170037,-0.406528,-0.319501,0.440238,-0.513949,-0.125028,-0.63865,0.481537,0.681253,-0.208617,-0.07038,-0.0360012,-0.286465,-0.330031,0.579952,0.0279762,0,-0.297503,-0.39241
"Anaerococcus.01",-0.198058,0.324366,-0.437035,-0.294734,0.625361,1,0.330938,-0.254005,0.653823,0.306706,-0.101123,0.0774238,-0.37799,0.356004,-0.0989432,-0.198683,0.315039,-0.0974979,-0.0882822,-0.0489181,-0.369439,-0.0913423,0.137834,0.302469,-0.0742095,0.0133439,0.116055,0.136675,-0.205006,-0.159828,0.296142,0,0.365147,0.067258,-0.155267,-0.0855928,-0.0438255,-0.29012,-0.33178,0.117049,0.514418,-0.139676,0.331395,-0.0322008,-0.235211,0.187889,0.400073,0.0798948,-0.11091,0.172062,0.0809078,-0.0661075,-0.32818,-0.51762,0.490769,0.318377,0.311011,0.0738543,0.0902924,-0.130831,-0.18608,0.302469,-0.135311,-0.15816,-0.359813,-0.493391,-0.0436012,0.57614,0.318659,0.34222,0.388691,0.14626,-0.470507,-0.32175,0.0772212,0.0813669,-0.509109,0.330872,-0.0515889,-0.128849,0.0671083,0.0833348,-0.395013,0.0916463,0.306706,0.306706,-0.353664,0.0285439,0.0761533,0.0622533,-0.1247,-0.207734,-0.389255,-0.779451,-0.106532,0.585925,0.314363,-0.0659347,0,-0.343427,-0.0515148,0.0443904,-0.133703,-0.285656,0.0681195,-0.1021,-0.51913,-0.294759,-0.164923,-0.370226,0.11272,-0.384362,0.179509,-0.570237,0.289701,0.0748942,-0.321567,-0.230587,-0.0996926,-0.0395818,-0.0734939,0.0913583,0.0574806,0,-0.393465,-0.151557
"Anaerococcus.02",0.0754537,0.532011,0.315278,0.3624,-0.0619758,0.330938,1,0.372974,0.311629,0.369496,0.106421,-0.621812,0.313953,0.119875,0.0962336,0.0651401,0.0886289,0.104455,0.0791588,0.0515187,0.28229,0.0665735,-0.198417,-0.315688,-0.477255,-0.078348,0.799084,-0.0455747,0.596065,0.0981572,0.287561,-0.305769,0.0495228,0.337869,0.129744,0.182964,0.0461987,-0.177916,0.287464,-0.491269,0.344677,-0.382452,0.435753,0.641687,0.422569,-0.194323,0.303151,0.472413,0.528536,-0.311043,-0.0536235,0.0413064,-0.503894,0.282372,0.0357331,0.299874,0.599836,-0.15927,0.264019,0.494511,0.172622,-0.315688,-0.346888,0.623361,-0.584854,0.00144601,-0.247862,0.342875,0.109845,-0.315688,0.270633,-0.176636,-0.0823109,0.216355,0.323616,0.293436,0.44765,0.0344649,0.0543088,-0.31835,-0.0655847,0.450767,-0.315688,0.418486,0.369496,0.369496,0.330126,0.441337,0.321974,-0.0361889,0.642798,0.336961,0.385727,-0.0112262,0.176658,-0.081323,0.189891,0.583786,-0.305769,-0.195406,-0.451853,-0.151136,-0.616365,0.29412,-0.564403,-0.298797,-0.0632846,0.395371,0.629831,0.365756,-0.448257,0.220356,0.81154,0.0608451,0.157505,-0.181402,0.346704,0.29188,0.512065,0.588782,0.591803,0.337712,0.303314,-0.305769,0.372124,-0.326285
"Atopobium.01",-0.271689,-0.324733,0.626632,-0.0256496,-0.176567,-0.254005,0.372974,1,0.246624,0.147808,0.36657,-0.728403,0.976481,-0.374847,-0.416144,-0.30041,-0.300021,-0.450241,-0.424461,-0.703932,-0.0319455,-0.453124,-0.515077,-0.994729,-0.693443,-0.0839175,0.418851,-0.261856,0.552003,-0.305338,0.613472,0,0.348592,-0.217699,0.493864,0.444843,-0.711542,-0.598713,0.984871,-0.24094,-0.206839,-0.406996,0.137659,0.185074,0.930024,0.349463,-0.105426,0.700721,0.364629,-0.57998,-0.286126,0.206623,-0.1764,0.826548,0.176558,0.00139591,-0.253917,-0.26789,-0.331607,0.328042,-0.161482,-0.994729,-0.36234,0.526164,0.344635,0.620202,-0.38631,-0.313001,-0.278817,0.0863557,-0.0895595,-0.494257,-0.284316,0.976159,0.422689,-0.278978,0.684412,0.348534,-0.699905,-0.368384,0.666634,0.696774,0.119041,0.64518,0.147808,0.147808,-0.067888,0.648648,0.463474,-0.122232,0.536208,0.994619,0.0789368,0.136931,0.486335,-0.0953474,-0.201005,0.23511,0,0.296381,-0.227675,-0.242758,-0.235139,-0.109528,-0.82982,-0.358739,-0.0644732,0.0215881,0.55969,-0.00197198,-0.331315,0.875838,0.261987,0.349482,0.189533,-0.0181876,0.987363,0.985476,0.33065,0.193438,0.191744,0.423085,0.461867,0,0.052367,-0.215701
"Atopobium.02",-0.50304,-0.150551,-0.447806,-0.477982,0.437946,0.653823,0.311629,0.246624,1,0.486712,-0.132369,-0.120107,0.226778,0.311589,-0.145242,-0.523407,0.0269255,-0.174588,-0.16022,-0.377445,-0.459011,-0.161215,-0.4994,-0.249911,-0.377814,-0.152755,0.186526,0.432665,-0.00582915,-0.494474,0.484782,-0.318915,0.352402,-0.303397,-0.0135097,0.549666,-0.377238,-0.498579,0.247294,0.261724,0.170658,-0.185052,0.489874,0.197454,0.0804446,0.696787,0.231932,0.380929,-0.156755,0.206117,0.359292,0.179683,-0.46879,-0.113992,0.763395,0.249105,-0.0116179,-0.163425,-0.33314,-0.15595,-0.507002,-0.249911,-0.00631122,-0.0156666,0.141738,0.166912,0.068207,0.206109,0.0339757,0.522879,0.28479,-0.0109532,-0.23525,0.281757,0.160365,-0.33292,-0.221638,0.321651,-0.377536,-0.159694,0.404992,0.400726,-0.249911,0.454469,0.486712,0.486712,-0.544406,0.355118,0.119654,-0.174026,-0.170549,0.292672,-0.50583,-0.734029,0.0348409,0.390991,0.526594,-0.377774,-0.318915,-0.499444,0.290496,-0.212582,0.248839,-0.436729,-0.045961,0.019433,-0.731462,-0.41735,-0.0162255,-0.529924,0.420596,0.196883,0.502297,-0.63161,0.140008,0.408881,0.249452,0.33271,-0.125183,0.207111,0.171903,0.174815,0.108951,-0.318915,-0.518935,-0.458287
"Bifidobacterium.01",0.254828,0.419163,-0.0210553,0.164098,0.234266,0.306706,0.369496,0.147808,0.486712,1,-0.31556,0.0375531,0.116565,0.401373,0.426962,0.222328,0.268446,-0.315838,0.403965,-0.18879,0.175831,0.402034,-0.249789,-0.125,-0.188974,0.217814,0.353487,0.176806,0.243928,0.267578,0.0861676,0.627551,0.393268,0.347207,0.216696,0.263457,-0.188686,-0.249378,0.0914602,0.145071,0.335017,0.36601,-0.125,-0.188881,0.0240711,0.119388,0.112025,0.184584,0.409846,0.172053,0.192427,0.662474,0.143524,-0.0654932,0.653289,0.056459,0.228328,0.187292,0.299729,0.409981,0.248824,-0.125,0.232726,0.233976,0.281543,-0.230067,-0.0452076,-0.394277,0.262492,-0.125,0.146611,0.496591,0.170884,0.176149,0.32728,0.302057,0.194549,0.376624,-0.188836,-0.315615,0.204703,0.184983,-0.125,0.220781,1,1,0.129681,0.165619,0.286247,0.172396,0.36463,0.170706,0.130098,-0.298589,-0.499056,0.180198,0.223119,-0.188954,0.627551,-0.249811,0.111785,0.143336,0.00455375,0.151692,-0.0916534,-0.498949,0.231172,0.198329,0.253966,0.0789102,0.21123,-0.0574617,0.511894,-0.315918,0.382005,0.142057,0.139877,0.19346,0.456163,0.703714,0.650552,0.338139,0.277776,0.627551,0.127531,-0.498623
"Bulleidia.01",-0.374774,-0.384709,0.446054,0.358486,-0.0935748,-0.101123,0.106421,0.36657,-0.132369,-0.31556,1,-0.648967,0.258391,0.125712,-0.797624,-0.384795,-0.852979,-0.329144,-0.353799,-0.476597,0.327189,-0.79697,-0.207923,-0.31556,-0.477062,-0.0834921,-0.0980698,-0.5607,0.631625,-0.387966,0.174695,0.308485,0.0416978,-0.119539,-0.320538,-0.241515,-0.476334,-0.629551,0.285559,0.135806,0.363085,-0.347148,0.442554,0.112504,0.501488,-0.221864,-0.335142,0.489295,0.0607901,-0.417548,-0.560739,0.0595747,-0.454845,0.645241,-0.477054,0.413763,-0.308229,-0.655549,-0.128684,-0.401692,-0.311935,-0.31556,-0.791244,0.172254,-0.0787418,-0.031747,-0.398001,-0.0998854,-0.845481,-0.31556,0.293254,-0.161065,-0.0634728,0.333445,0.326684,-0.105536,0.469438,0.070961,-0.476712,0.149011,0.46882,0.469405,0.394866,-0.069256,-0.31556,-0.31556,0.318047,-0.102205,0.815609,0.515981,0.228884,0.33601,0.409639,0.31251,0.183539,0.48503,-0.263292,0.0299444,0.308485,0.757346,-0.19475,-0.107505,-0.230092,0.332733,-0.462797,-0.282167,-0.0625976,0.332915,0.629392,0.413181,-0.122976,0.286021,-0.115256,0.537763,0.415412,-0.221171,0.272049,0.325127,-0.399425,-0.476283,-0.477032,0.321832,0.820693,0.308485,0.375815,-0.316511
"Burkholderia.01",0.109854,0.185127,-0.491729,-0.396655,-0.0322245,0.0774238,-0.621812,-0.728403,-0.120107,0.0375531,-0.648967,1,-0.675263,-0.0324265,0.422738,0.127915,0.480889,0.0571936,0.318952,0.499124,-0.365211,0.44542,0.247416,0.690595,0.520446,0.40196,-0.609838,0.197477,-0.670717,0.134119,-0.385288,-0.08185,-0.0938771,0.251183,0.0474392,-0.326234,0.504297,0.458411,-0.658743,0.107198,-0.293369,0.32645,-0.577817,-0.49283,-0.701993,-0.00684183,-0.182533,-0.526611,-0.369413,0.357383,0.193345,0.12727,0.611436,-0.688192,0.289472,-0.0880559,-0.167875,0.402961,0.11055,-0.229014,0.230996,0.690595,0.57462,-0.566115,0.186488,-0.218791,0.687984,0.0316449,0.467594,0.342497,0.0315088,0.357694,0.0693984,-0.642413,-0.68748,0.0665167,-0.756144,-0.110288,0.496385,-0.0952163,-0.491889,-0.496678,-0.201245,-0.590979,0.0375531,0.0375531,-0.341604,-0.57284,-0.61448,-0.257938,-0.579099,-0.708955,-0.451804,-0.397973,-0.372587,0.0242343,0.11375,-0.32548,-0.08185,-0.289579,0.169279,0.4968,0.349811,-0.356859,0.872647,0.156846,0.105591,-0.436219,-0.678581,-0.411024,0.294704,-0.487299,-0.405697,-0.307593,-0.389866,-0.0880674,-0.685317,-0.690248,-0.22726,-0.0128225,-0.0175245,-0.689067,-0.611456,-0.08185,-0.430606,0.466219
"C.Betaproteobacteria.01",-0.247651,-0.383453,0.548179,-0.0516715,-0.237825,-0.37799,0.313953,0.976481,0.226778,0.116565,0.258391,-0.675263,1,-0.384418,-0.309371,-0.274342,-0.2874,-0.326081,-0.363345,-0.622313,-0.0312676,-0.346954,-0.562036,-0.990913,-0.619527,-0.144196,0.410782,-0.119646,0.49415,-0.286246,0.532495,0.230639,0.240652,-0.29241,0.476289,0.564191,-0.630727,-0.46711,0.993166,-0.22282,-0.321191,-0.347938,0.129502,0.258287,0.865845,0.405471,-0.0951798,0.6236,0.316535,-0.483539,-0.139607,0.166543,-0.161692,0.805816,0.159805,-0.0818504,-0.258306,-0.241622,-0.377102,0.33244,-0.185315,-0.990913,-0.228427,0.501018,0.391327,0.736715,-0.30833,-0.347756,-0.268262,0.0950556,-0.172131,-0.498301,-0.157132,0.976612,0.369672,-0.329212,0.676288,0.243067,-0.617866,-0.296415,0.591024,0.622785,0.140377,0.666246,0.116565,0.116565,-0.0812577,0.673391,0.326564,-0.21401,0.454675,0.968306,0.0587751,0.205278,0.483487,-0.246538,-0.130158,0.18203,0.230639,0.184516,-0.113769,-0.300515,-0.116556,-0.115571,-0.744948,-0.21208,-0.0722999,0.00574589,0.48702,-0.020599,-0.249724,0.899699,0.304877,0.306848,0.0589614,0.0781372,0.995624,0.973739,0.328908,0.246302,0.25143,0.36907,0.328006,0.230639,0.0374433,-0.211903
"C.Betaproteobacteria.02",0.184363,0.110862,-0.529541,0.305902,0.49924,0.356004,0.119875,-0.374847,0.311589,0.401373,0.125712,-0.0324265,-0.384418,1,0.120712,0.169684,-0.270998,0.108422,0.564999,0.0826137,0.350425,0.128307,-0.136459,0.39717,0.0568769,-0.0891341,-0.0478618,0.474135,0.174208,0.196259,-0.47972,0,0.0765716,-0.101209,-0.806429,0.204051,0.087749,-0.121501,-0.437547,0.634413,0.818379,0.518891,0.404453,0.08244,-0.451532,0.0150586,0.320911,-0.0645922,0.0965332,0.619418,0.501601,0.0650701,-0.337258,-0.29915,0.0592323,0.316818,0.193413,-0.0205291,0.391165,-0.33557,-0.349383,0.39717,0.170318,-0.305975,-0.0997265,-0.551272,-0.16142,-0.0537227,-0.288293,-0.316167,0.363724,0.784297,0.486574,-0.320669,0.363263,0.363226,-0.0781626,0.0990895,0.0799143,0.527858,-0.0108581,-0.0827777,0.377841,0.00143599,0.401373,0.401373,0.284778,-0.096774,0.322318,0.482842,-0.238406,-0.36059,0.229602,-0.0142645,-0.759538,0.46206,0.590093,-0.477929,0,-0.149679,0.571474,-0.0399861,0.239264,0.423271,0.223896,0.180896,-0.0992285,0.311685,0.135418,0.26067,0.654221,-0.524919,0.343898,-0.34835,0.287236,0.490927,-0.376621,-0.304469,-0.305371,0.0919718,0.0575035,0.365223,0.330511,0,0.229671,-0.819821
"C.Gammaproteobacteria.01",0.661197,0.55214,-0.253211,0.270526,-0.0186809,-0.0989432,0.0962336,-0.416144,-0.145242,0.426962,-0.797624,0.422738,-0.309371,0.120712,1,0.669337,0.660151,0.539539,0.552286,0.569682,0.306855,0.998854,0.332141,0.387474,0.59478,-0.0807221,0.355886,0.441391,-0.311608,0.673432,-0.374538,0,-0.329972,0.337058,0.131918,0.122082,0.569524,0.767544,-0.373371,-0.0721947,-0.0960452,0.565112,-0.315956,0.0229601,-0.540834,-0.239524,0.283876,-0.609019,0.110581,0.505538,0.500583,0.084597,0.329226,-0.509581,0.0785519,-0.483291,0.625325,0.487909,0.345643,0.578035,0.592361,0.387474,0.636383,0.148284,-0.097936,-0.201055,0.184923,-0.13019,0.640673,-0.315956,-0.386963,0.335718,0.515743,-0.401816,-0.0519794,0.321578,-0.0471424,-0.341189,0.569738,0.0796928,-0.548014,-0.609616,-0.315956,-0.066744,0.426962,0.426962,0.308417,-0.0429728,-0.548435,-0.0758952,0.123273,-0.415698,0.207304,0.13481,-0.358047,-0.607288,0.106905,0.0300409,0,-0.631434,0.180448,-0.0477188,0.162428,0.301464,0.362954,0.135842,0.442786,0.29688,-0.31265,0.205904,0.104194,-0.449642,0.309192,-0.386018,-0.138593,0.171158,-0.342046,-0.402601,0.577101,0.600813,0.59882,-0.0464969,-0.553637,0,0.245107,0.0827081
"C.Gammaproteobacteria.02",0.998924,0.600668,0.0834215,0.463885,0.173334,-0.198683,0.0651401,-0.30041,-0.523407,0.222328,-0.384795,0.127915,-0.274342,0.169684,0.669337,1,0.498918,0.228381,0.636229,0.409395,0.450862,0.672276,0.536191,0.310901,0.460769,0.114994,0.261414,0.169954,-0.111952,0.997839,-0.602147,-0.321259,0.0703599,0.27265,-0.0452823,-0.044692,0.409773,0.560771,-0.345772,-0.0880975,0.279669,0.680397,-0.497565,-0.219562,-0.31394,-0.386899,0.501782,-0.473532,0.558338,0.247351,0.255232,-0.207396,0.507418,-0.307806,-0.213237,-0.377391,0.487893,0.739391,0.758337,0.597076,0.494525,0.310901,0.541147,-0.0428809,-0.135739,-0.493203,-0.351089,-0.203563,0.48534,-0.497565,-0.313623,0.517588,0.278576,-0.341764,0.282053,0.755286,0.139413,0.0900982,0.409178,0.217284,-0.401098,-0.506387,0.242279,0.0884592,0.222328,0.222328,0.50806,0.148367,-0.230093,0.153668,0.255855,-0.297474,0.418343,0.497502,-0.533558,-0.411171,-0.0424553,0.315823,-0.321259,-0.0370678,0.044061,0.149061,-0.248677,0.461516,-0.0554402,0.0492253,0.732864,0.445786,-0.093383,0.413953,-0.187373,-0.521363,-0.041528,0.0872602,0.0331659,0.119255,-0.269238,-0.323845,0.594045,0.339575,0.340379,0.27425,-0.223623,-0.321259,0.447379,-0.0195872
"C.Gammaproteobacteria.03",0.486674,0.614866,-0.186208,-0.270098,0.2202,0.315039,0.0886289,-0.300021,0.0269255,0.268446,-0.852979,0.480889,-0.2874,-0.270998,0.660151,0.498918,1,0.186863,0.185558,0.388502,-0.317323,0.66127,0.499733,0.29125,0.418724,0.147894,0.265309,0.237347,-0.588371,0.507946,0.00507094,0,0.158404,0.287019,0.46224,-0.0281876,0.388803,0.518383,-0.28697,-0.348007,-0.189013,0.202722,-0.498542,-0.225849,-0.338645,0.0280432,0.467826,-0.424836,0.121906,0.152009,0.236298,-0.17323,0.480656,-0.631341,0.399814,-0.395183,0.475226,0.752181,0.286402,0.599106,0.484963,0.29125,0.542247,-0.0423451,-0.151288,-0.213076,0.115321,0.270218,0.998935,0.260565,-0.282527,0.0448047,-0.295168,-0.359627,-0.177692,0.280284,-0.416372,0.122524,0.388326,-0.300821,-0.404189,-0.418409,-0.498542,0.119866,0.268446,0.268446,-0.248455,0.177771,-0.667363,-0.399625,0.0492158,-0.264299,-0.334052,-0.34218,-0.055848,-0.374959,0.00710598,0.311406,0,-0.551413,-0.163906,0.169252,-0.161702,-0.307388,0.166562,0.0284013,0.163114,-0.266237,-0.539432,-0.343724,-0.260519,-0.357432,-0.0158005,-0.398091,-0.188635,-0.01447,-0.26771,-0.307812,0.599105,0.370761,0.369026,-0.171908,-0.681004,0,-0.30376,0.468576
"C.Gammaproteobacteria.04",0.19759,0.0791571,-0.424022,0.257914,-0.0348383,-0.0974979,0.104455,-0.450241,-0.174588,-0.315838,-0.329144,0.0571936,-0.326081,0.108422,0.539539,0.228381,0.186863,1,0.0907184,0.585855,0.295631,0.556201,0.368188,0.413183,0.634843,-0.645806,0.331957,0.468426,-0.331505,0.201275,-0.253971,0,-0.797917,-0.14086,-0.326403,0.13085,0.585915,0.800494,-0.375034,0.0131367,-0.109768,0.149093,0.378918,0.559068,-0.547054,-0.248499,0.312409,-0.642679,-0.372137,0.545805,0.501692,-0.477501,-0.371859,-0.413325,-0.477474,-0.415226,0.656976,-0.03226,-0.0975853,0.113908,0.12916,0.413183,0.186196,0.151463,-0.526897,-0.0100235,0.0861224,0.347389,0.169616,-0.315838,-0.423739,-0.139799,0.512414,-0.466155,-0.0628814,-0.125011,-0.0881933,-0.798224,0.585796,0.555282,-0.548257,-0.647085,-0.315838,-0.0846963,-0.315838,-0.315838,0.279535,-0.0829724,-0.562864,-0.0224509,-0.135546,-0.467422,0.19927,0.304546,0.14182,-0.621983,0.117537,0.026011,0,-0.631198,0.255693,-0.559356,0.284444,0.342257,0.337828,0.639563,-0.108766,0.292849,-0.354203,0.244543,0.157972,-0.383021,0.275208,-0.38914,-0.231061,0.284654,-0.385408,-0.450148,0.0820621,0.00764071,0.0402794,-0.0578753,-0.567442,0,0.233635,0.113328
"C.Gammaproteobacteria.05",0.643778,0.55893,-0.217535,0.261024,-0.0224975,-0.0882822,0.0791588,-0.424461,-0.16022,0.403965,-0.353799,0.318952,-0.363345,0.564999,0.552286,0.636229,0.185558,0.0907184,1,0.597688,0.289632,0.546885,-0.11496,0.427622,0.0799164,0.459823,-0.112198,0.42917,0.145605,0.663628,-0.843679,0.299831,0.0839479,0.342794,-0.355631,0.105611,0.597841,0.320535,-0.4519,0.0112089,0.37512,0.545166,-0.315897,0.0194447,-0.391444,-0.189367,0.249016,-0.102941,0.531302,0.308038,0.477313,0.0672368,0.336935,-0.257799,0.06138,0.261964,0.148022,0.487652,0.814811,0.0805775,0.126941,0.427622,0.634977,-0.357156,-0.0917017,-0.337634,0.190932,-0.106984,0.183269,-0.315897,0.345912,0.812416,0.487696,-0.406727,-0.0933209,0.792696,-0.0883671,0.106844,0.597579,0.0925863,-0.570523,-0.119729,0.386689,-0.0881649,0.403965,0.403965,0.327048,-0.0490481,-0.121267,-0.0700599,-0.14769,-0.448902,0.252946,0.198569,-0.840368,-0.0470813,0.584415,0.0264731,0.299831,-0.143179,0.21614,0.495475,-0.121075,0.308189,0.318061,0.141066,0.418418,0.236954,0.116196,0.280009,0.183545,-0.400794,0.290545,0.0674432,-0.315662,0.115518,-0.352508,-0.428106,0.0991315,0.579095,0.577944,-0.0983797,-0.107566,0.299831,0.261676,-0.367467
"C.Gammaproteobacteria.06",0.379049,0.583893,-0.273981,0.112757,-0.33052,-0.0489181,0.0515187,-0.703932,-0.377445,-0.18879,-0.476597,0.499124,-0.622313,0.0826137,0.569682,0.409395,0.388502,0.585855,0.597688,1,0.0974856,0.581794,0.236154,0.694584,0.376938,0.236749,-0.106487,0.26611,-0.205248,0.416838,-0.652778,-0.384703,-0.47695,0.439309,-0.214252,-0.260069,0.999941,0.759943,-0.670454,-0.384312,-0.0691686,0.07159,-0.18879,0.313222,-0.563015,-0.456009,0.113061,-0.396107,0.0371674,0.190038,0.287716,-0.285423,0.163211,-0.466663,-0.285407,0.130635,0.37469,0.293507,0.490358,0.0219897,0.333951,0.694584,0.39917,-0.229229,-0.596049,-0.186956,0.533631,0.468022,0.39107,-0.18879,0.183899,0.218419,0.312792,-0.759444,-0.596039,0.458589,-0.388905,-0.477133,0.999984,0.037196,-0.99622,-0.397908,-0.18879,-0.431208,-0.18879,-0.18879,0.197557,-0.338747,-0.596488,-0.346946,-0.263732,-0.753208,0.0975994,0.104418,-0.246738,-0.360908,0.337372,0.321802,-0.384703,-0.377295,-0.138625,0.340325,-0.179968,0.136907,0.579322,0.374022,0.178983,0.0767522,-0.213381,0.16923,-0.13027,-0.456562,0.14617,0.0162525,-0.638037,-0.235977,-0.634082,-0.771649,0.00844187,0.299203,0.339023,-0.595739,-0.596171,-0.384703,0.118178,0.314664
"C.Gammaproteobacteria.07",0.455407,0.222018,0.34193,0.987208,-0.189319,-0.369439,0.28229,-0.0319455,-0.459011,0.175831,0.327189,-0.365211,-0.0312676,0.350425,0.306855,0.450862,-0.317323,0.295631,0.289632,0.0974856,1,0.305152,0.18765,0.0640029,0.18131,-0.258032,0.397419,-0.209375,0.506087,0.449668,-0.298383,0,-0.435494,0.320799,-0.258276,-0.173499,0.0974237,0.201722,-0.088573,0.111129,0.383258,0.359896,0.161178,0.173082,-0.0258116,-0.706787,-0.106353,-0.183789,0.276684,0.120055,-0.114058,0.249113,-0.157965,0.253676,-0.623904,-0.148727,0.45696,-0.258227,0.316081,0.295827,0.447025,0.0640029,-0.2373,0.515722,-0.210665,-0.332728,-0.35681,-0.427772,-0.336743,-0.990107,-0.189953,0.261163,0.711156,-0.0533773,0.452451,0.316686,0.701368,-0.405781,0.0975134,0.3542,-0.0776865,-0.215619,0.153109,-0.197487,0.175831,0.175831,0.983028,-0.211775,0.431737,0.698142,0.57214,-0.0776512,0.973315,0.733768,-0.262254,-0.211768,-0.289314,0.0808635,0,0.234916,-0.0128958,-0.251076,-0.0875119,0.992195,-0.184664,-0.249216,0.630758,0.989656,0.500189,0.970791,-0.0324489,-0.218141,0.270471,0.265544,0.449312,-0.0716312,-0.0632264,-0.072547,0.29696,0.186117,0.18107,0.45245,0.43262,0,0.979423,-0.359246
"C.Gammaproteobacteria.08",0.662681,0.544197,-0.277078,0.268467,-0.00282898,-0.0913423,0.0665735,-0.453124,-0.161215,0.402034,-0.79697,0.44542,-0.346954,0.128307,0.998854,0.672276,0.66127,0.556201,0.546885,0.581794,0.305152,1,0.364292,0.424011,0.629762,-0.0917461,0.332187,0.442392,-0.34269,0.675213,-0.389388,0,-0.345191,0.328361,0.107986,0.0984382,0.582061,0.786029,-0.409431,-0.0506155,-0.0899303,0.579492,-0.315697,0.00638769,-0.576096,-0.250513,0.285676,-0.643664,0.0803933,0.528851,0.502405,0.0659265,0.331444,-0.540389,0.0600871,-0.494042,0.627256,0.490972,0.342466,0.554812,0.589603,0.424011,0.638467,0.124613,-0.106114,-0.22654,0.186912,-0.119785,0.640518,-0.315697,-0.39641,0.343997,0.518829,-0.436826,-0.0609673,0.316491,-0.0747388,-0.356039,0.581627,0.1078,-0.55856,-0.644151,-0.315697,-0.0934837,0.402034,0.402034,0.306694,-0.0714603,-0.562866,-0.059367,0.0975419,-0.451262,0.200234,0.133933,-0.364881,-0.598599,0.0980593,0.0132223,0,-0.630916,0.194021,-0.0513928,0.180414,0.303351,0.390949,0.154526,0.439141,0.292678,-0.343817,0.20205,0.119699,-0.484844,0.277816,-0.399348,-0.134687,0.176543,-0.38056,-0.43787,0.552977,0.564668,0.562718,-0.0557518,-0.567874,0,0.239143,0.0978165
"C.Gammaproteobacteria.09",0.509968,0.301942,-0.0637215,0.241717,0.335159,0.137834,-0.198417,-0.515077,-0.4994,-0.249789,-0.207923,0.247416,-0.562036,-0.136459,0.332141,0.536191,0.499733,0.368188,-0.11496,0.236154,0.18765,0.364292,1,0.531412,0.777491,-0.253789,0.117818,-0.167634,-0.56788,0.515252,-0.108682,0.336021,-0.188995,0.130152,-0.00402141,-0.507877,0.241698,0.553209,-0.542276,0.0350895,0.111127,0.351619,-0.249789,-0.377443,-0.489605,-0.465437,0.3125,-0.770434,-0.179195,0.258177,-0.118049,-0.377645,0.258337,-0.573848,-0.377623,-0.573812,0.521516,0.396716,0.189591,0.300848,0.490024,0.531412,0.0558781,-0.00123217,-0.315316,-0.624515,-0.32193,0.142168,0.476383,-0.249789,-0.535228,0.0274953,-0.0902027,-0.5753,0.123198,0.176954,-0.210604,-0.19423,0.233233,0.312936,-0.234084,-0.785618,-0.249789,-0.259037,-0.249789,-0.249789,0.239936,-0.242457,-0.327156,0.351268,0.108017,-0.484532,0.133373,0.162106,-0.00664256,-0.213118,-0.522181,0.174619,0.336021,-0.0355424,-0.0995271,-0.153839,-0.052159,0.234855,0.120751,0.0526457,0.352326,0.211703,-0.516455,0.154634,-0.205095,-0.701474,-0.499323,-0.186259,0.295521,-0.0494371,-0.565819,-0.534307,0.281772,-0.377013,-0.377606,0.121356,-0.335657,0.336021,0.167479,0.477856
"C.Gammaproteobacteria.10",0.283047,0.380082,-0.581956,0.0708347,0.188107,0.302469,-0.315688,-0.994729,-0.249911,-0.125,-0.31556,0.690595,-0.990913,0.39717,0.387474,0.310901,0.29125,0.413183,0.427622,0.694584,0.0640029,0.424011,0.531412,1,0.654546,0.11454,-0.394531,0.202394,-0.49805,0.319994,-0.600315,0.370371,-0.315794,0.273958,-0.499406,-0.49813,0.702372,0.553775,-0.996511,0.21583,0.276225,0.382867,-0.125,-0.188881,-0.901476,-0.402249,0.108303,-0.661232,-0.316183,0.535102,0.227262,-0.188982,0.1589,-0.80959,-0.188971,0.0501524,0.281769,0.254234,0.382118,-0.315651,0.18682,1,0.302023,-0.499643,-0.394651,-0.68067,0.35027,0.33471,0.271327,-0.125,0.140034,0.509007,0.25234,-0.986332,-0.394644,0.331668,-0.660718,-0.315915,0.690463,0.338819,-0.659608,-0.660165,-0.125,-0.655875,-0.125,-0.125,0.109216,-0.658244,-0.394941,0.167372,-0.481347,-0.991592,-0.0351408,-0.14418,-0.499056,0.150191,0.183597,-0.188954,0.370371,-0.249811,0.166194,0.272533,0.159941,0.145389,0.786291,0.292126,0.0855606,0.0188435,-0.49949,0.0462854,0.282993,-0.892504,-0.249873,-0.315918,-0.137628,-0.033619,-0.995008,-0.989786,-0.315258,-0.188666,-0.188963,-0.394446,-0.394731,0.370371,-0.0109416,0.197452
"C.Gammaproteobacteria.11",0.43377,0.0441107,-0.470404,0.137128,0.271481,-0.0742095,-0.477255,-0.693443,-0.377814,-0.188974,-0.477062,0.520446,-0.619527,0.0568769,0.59478,0.460769,0.418724,0.634843,0.0799164,0.376938,0.18131,0.629762,0.777491,0.654546,1,-0.416217,-0.0571115,0.281757,-0.752949,0.429562,-0.335556,0,-0.477416,-0.0953836,-0.191853,-0.193736,0.382857,0.791746,-0.63253,0.353666,-0.0935121,0.617287,-0.188974,-0.285549,-0.812752,-0.241281,0.223537,-0.999648,-0.478004,0.700549,0.338263,-0.285702,0.242537,-0.728622,-0.285686,-0.715358,0.415113,0.342568,-0.0135233,0.0977827,0.325459,0.654546,0.416299,-0.171091,-0.0536136,-0.407379,-0.00157534,-0.0494747,0.381833,-0.188974,-0.653877,0.191162,0.368099,-0.636466,-0.034737,-0.0520894,-0.34091,-0.477599,0.373814,0.574775,-0.339817,-0.998034,-0.188974,-0.338962,-0.188974,-0.188974,0.155022,-0.361329,-0.59707,0.252013,-0.255503,-0.659185,0.0200268,0.179768,-0.179762,-0.390597,-0.242004,-0.28566,0,-0.377663,0.397545,-0.297127,0.497325,0.218521,0.546028,0.412897,0.235732,0.136772,-0.755126,0.0511861,0.311016,-0.738534,-0.377756,-0.477603,0.0625542,0.302706,-0.668572,-0.641596,0.0739972,-0.285224,-0.285673,-0.0369049,-0.596753,0,0.0657969,0.333906
"Campylobacter.01",0.124253,0.442993,0.276517,-0.20476,-0.317595,0.0133439,-0.078348,-0.0839175,-0.152755,0.217814,-0.0834921,0.40196,-0.144196,-0.0891341,-0.0807221,0.114994,0.147894,-0.645806,0.459823,0.236749,-0.258032,-0.0917461,-0.253789,0.11454,-0.416217,1,-0.481901,-0.302153,0.21663,0.153238,-0.303175,0,0.492384,0.58524,0.237558,-0.365832,0.23598,-0.228135,-0.134097,-0.400998,0.00814642,-0.11095,-0.658923,-0.363674,0.154073,-0.116693,-0.293202,0.406908,0.493715,-0.488989,-0.320403,0.332751,0.624896,0.0917511,0.316291,0.593284,-0.448959,0.316164,0.558921,-0.0801434,0.180794,0.11454,0.178047,-0.366891,0.110227,-0.102643,0.421671,-0.0179557,0.171396,0.200786,0.652249,0.352008,-0.29394,-0.111431,-0.497239,0.563078,-0.225249,0.492397,0.237141,-0.656369,-0.280283,0.411901,0.196773,-0.28751,0.217814,0.217814,-0.147794,-0.198571,0.0938669,-0.334706,-0.066254,-0.111939,-0.141009,-0.243841,-0.384992,0.350711,0.16982,0.275839,0,0.388432,-0.435528,0.98569,-0.496004,-0.285805,0.133134,-0.418777,0.322495,-0.276592,0.233752,-0.132437,-0.318827,0.0799786,-0.170653,0.49669,-0.352767,-0.563606,-0.0879664,-0.147456,-0.055734,0.317763,0.317523,-0.503064,0.10006,0,-0.162515,0.169883
"Capnocytophaga.01",0.269049,0.343419,0.280085,0.436395,0.088614,0.116055,0.799084,0.418851,0.186526,0.353487,-0.0980698,-0.609838,0.410782,-0.0478618,0.355886,0.261414,0.265309,0.331957,-0.112198,-0.106487,0.397419,0.332187,0.117818,-0.394531,-0.0571115,-0.481901,1,0.0586577,0.281852,0.265597,0.397049,-0.318293,-0.10653,0.100363,0.288186,0.331358,-0.11133,0.0992732,0.378777,-0.293716,0.131514,-0.0722258,0.34381,0.47298,0.302778,-0.131966,0.42418,0.0573623,0.339396,-0.0445934,0.0829259,-0.0303377,-0.384634,0.166504,-0.0364178,-0.326714,0.768762,-0.0211697,0.0265773,0.781297,0.334646,-0.394531,-0.184544,0.792005,-0.347665,0.0478126,-0.485839,0.056502,0.266953,-0.394531,-0.353918,-0.292616,0.062165,0.309127,0.57387,0.055194,0.576576,-0.122628,-0.10394,-0.0623856,0.103138,0.0365191,-0.394531,0.549364,0.353487,0.353487,0.390201,0.547291,0.106399,0.107435,0.745657,0.413945,0.42251,0.196149,0.297797,-0.456396,-0.129533,0.429053,-0.318293,-0.349271,-0.208705,-0.557074,-0.29035,0.389286,-0.604118,-0.181731,0.0927255,0.502044,0.316443,0.374191,-0.338975,0.142656,0.653115,-0.167336,0.349635,0.104879,0.407936,0.383977,0.782469,0.481179,0.47841,0.586523,0.0874111,-0.318293,0.431538,-0.203951
"Carnobacterium.01",0.171426,-0.078085,-0.793022,-0.303077,0.423038,0.136675,-0.0455747,-0.261856,0.432665,0.176806,-0.5607,0.197477,-0.119646,0.474135,0.441391,0.169954,0.237347,0.468426,0.42917,0.26611,-0.209375,0.442392,-0.167634,0.202394,0.281757,-0.302153,0.0586577,1,-0.387343,0.164221,-0.362114,0,-0.0336023,-0.512854,-0.414022,0.745182,0.26636,0.348928,-0.188244,0.379967,0.0796894,0.441192,0.219918,0.279411,-0.505821,0.563503,0.614236,-0.296501,-0.113764,0.75166,0.993715,-0.36364,-0.159367,-0.496002,0.323755,-0.172269,0.188051,0.372422,0.0315923,-0.0752189,-0.457693,0.202394,0.732502,-0.406348,0.0660793,0.0923513,0.0880174,0.141349,0.226828,0.250802,-0.108948,0.352723,0.333031,-0.174937,0.0745925,0.00391172,-0.359636,-0.0308372,0.265967,0.46686,-0.204382,-0.292155,0.1494,0.41371,0.176806,0.176806,-0.287934,0.366525,-0.518188,-0.30835,-0.546022,-0.22418,-0.353994,-0.122639,-0.351988,-0.232703,0.763805,-0.395521,0,-0.755187,0.762554,-0.273909,0.507006,-0.166403,0.341369,0.762288,-0.390675,-0.247926,-0.442563,-0.34021,0.632065,-0.248286,0.364147,-0.652358,-0.346814,0.817901,-0.143211,-0.155255,-0.0767095,0.246103,0.245092,0.0753264,-0.508448,0,-0.33058,-0.39846
"Catonella.01",-0.0875175,0.119263,0.634419,0.535995,-0.418076,-0.205006,0.596065,0.552003,-0.00582915,0.243928,0.631625,-0.670717,0.49415,0.174208,-0.311608,-0.111952,-0.588371,-0.331505,0.145605,-0.205248,0.506087,-0.34269,-0.56788,-0.49805,-0.752949,0.21663,0.281852,-0.387343,1,-0.0855454,0.0578483,0,0.0838855,0.321473,-0.019421,0.0287714,-0.210613,-0.525773,0.465921,-0.267187,0.311709,-0.326301,0.26852,0.39677,0.677034,-0.288528,-0.297034,0.749933,0.590414,-0.544719,-0.374002,0.40515,-0.316244,0.806088,-0.197436,0.558341,-0.0699429,-0.486848,0.231558,0.0816554,0.0184912,-0.49805,-0.519146,0.475751,-0.125605,0.151903,-0.179224,-0.211384,-0.567945,-0.49805,0.475493,6.11559e-05,0.171487,0.486276,0.268482,0.26389,0.744327,0.104471,-0.202422,-0.273201,0.184821,0.728205,0.263299,0.119669,0.243928,0.243928,0.524231,0.1369,0.782509,0.212004,0.57566,0.485599,0.63396,0.341865,-0.013392,0.186111,0.0377489,0.321221,0,0.485096,-0.375065,0.122935,-0.502663,0.468794,-0.558678,-0.503304,0.212606,0.53436,0.995558,0.610799,-0.304441,0.501152,0.512262,0.622375,0.185201,-0.347635,0.514029,0.473257,0.101633,0.377015,0.378205,0.270133,0.783309,0,0.597748,-0.503244
"Chryseobacterium.01",0.99796,0.641893,0.0842766,0.466948,0.175925,-0.159828,0.0981572,-0.305338,-0.494474,0.267578,-0.387966,0.134119,-0.286246,0.196259,0.673432,0.997839,0.507946,0.201275,0.663628,0.416838,0.449668,0.675213,0.515252,0.319994,0.429562,0.153238,0.265597,0.164221,-0.0855454,1,-0.601759,-0.3258,0.0965586,0.313642,-0.0432409,-0.0554299,0.417274,0.534543,-0.35731,-0.0998689,0.311416,0.672306,-0.498083,-0.219658,-0.310332,-0.394328,0.499219,-0.442719,0.585784,0.235753,0.247817,-0.17354,0.50625,-0.311967,-0.179755,-0.332538,0.495347,0.739642,0.790179,0.598555,0.503779,0.319994,0.535533,-0.041566,-0.149223,-0.516681,-0.33508,-0.192677,0.495378,-0.498083,-0.263946,0.545471,0.269827,-0.350726,0.275574,0.7871,0.132486,0.11498,0.41659,0.181422,-0.408909,-0.475558,0.229763,0.0816889,0.267578,0.267578,0.510189,0.141155,-0.205301,0.154149,0.268063,-0.303364,0.420874,0.462746,-0.561533,-0.374799,-0.0167557,0.323199,-0.3258,-0.0401717,0.0234688,0.185496,-0.276276,0.461524,-0.0533205,0.0135934,0.733112,0.447472,-0.0653077,0.416709,-0.19168,-0.527733,-0.0109722,0.0847406,0.0412072,0.0976308,-0.277159,-0.331,0.598796,0.375767,0.374466,0.268558,-0.199624,-0.3258,0.448448,-0.0409758
"Corynebacterium.01",-0.594254,-0.269306,0.28696,-0.253703,0.0419022,0.296142,0.287561,0.613472,0.484782,0.0861676,0.174695,-0.385288,0.532495,-0.47972,-0.374538,-0.602147,0.00507094,-0.253971,-0.843679,-0.652778,-0.298383,-0.389388,-0.108682,-0.600315,-0.335556,-0.303175,0.397049,-0.362114,0.0578483,-0.601759,1,-0.043684,0.136365,-0.112003,0.583758,0.0702023,-0.654961,-0.484374,0.611589,-0.156553,-0.279521,-0.577244,0.301571,0.0508846,0.550042,0.280612,-0.170958,0.355003,-0.248738,-0.386189,-0.420463,0.227301,-0.338794,0.309228,0.320074,-0.132554,0.00281027,-0.419807,-0.676005,0.198234,-0.00111823,-0.600315,-0.581546,0.565359,0.112306,0.3557,-0.15699,0.0704068,0.0151331,0.334902,-0.181477,-0.720193,-0.532903,0.571417,0.184993,-0.644334,0.201659,0.097251,-0.651601,-0.425299,0.620087,0.373466,-0.562824,0.294219,0.0861676,0.0861676,-0.335222,0.25065,0.238169,-0.0269676,0.399308,0.638781,-0.239743,-0.424531,0.741525,0.0875056,-0.413821,0.0636586,-0.043684,-0.0396595,-0.327466,-0.396284,-0.0390743,-0.333163,-0.464343,-0.416471,-0.397826,-0.20789,0.100185,-0.295044,-0.244688,0.524645,0.10286,-0.174905,0.392629,-0.14832,0.542371,0.614259,0.202432,-0.110796,-0.127195,0.198139,0.216064,-0.043684,-0.25484,0.173167
